ans =

  9.1033e-002
  4.2260e-005
  4.3909e-002
  9.9042e-001
  9.9820e-001
  1.0798e-002
  9.9898e-001
  4.2324e-001
  9.9971e-001
  7.3540e-001
  9.0968e-001
  2.8599e-002
  9.9927e-001
  9.9985e-001
  1.5604e-001
  9.8096e-001
  4.2773e-001
  1.4880e-001
  9.9971e-001
  5.7430e-001
  6.6839e-002
  9.9863e-001
  7.4183e-003
  1.0116e-004
  9.9188e-001
  8.5505e-001
  6.0032e-001
  8.6520e-001
  9.2394e-002
  1.6829e-002
  8.9713e-001
  9.8104e-001
  1.5491e-001
  3.9194e-001
  7.4129e-002
  3.3112e-002
  8.5226e-001
  9.8756e-001
  2.0400e-001
  4.9580e-002
  9.7030e-001
  6.1185e-003
  9.9946e-001
  5.0231e-001
  4.4889e-003
  1.3703e-001
  9.9299e-001
  1.0000e+000
  9.9920e-001
  9.9999e-001
  9.9811e-001
  9.9950e-001
  9.0502e-001
  2.8062e-003
  8.5230e-003
  5.2892e-002
  9.9986e-001
  6.9370e-001
  9.8550e-001
  9.9573e-001
  9.9953e-001
  2.2238e-004
  3.5056e-003
  1.2707e-004
  7.1658e-002
  4.0879e-002
  9.4442e-001
  1.0071e-002
  9.9995e-001
  7.0931e-001
  6.2041e-005
  9.7740e-001
  9.9989e-001
  8.8428e-001
  9.0524e-001
  9.9995e-001
  9.1769e-001
  6.2675e-001
  1.5841e-002
  5.9949e-001
  9.9928e-001
  9.7347e-001
  8.9454e-001
  2.0320e-001
  9.9994e-001
  9.9798e-001
  3.5456e-001
  9.9982e-001
  9.9997e-001
  1.0696e-001
  9.9994e-001
  9.9999e-001
  1.4244e-003
  9.9932e-001
  9.2458e-001
  8.5865e-001
  7.5088e-001
  9.9990e-001
  3.3928e-001
  9.9975e-001

